#  x, phi, rho, probabilities, Vo_MF, Gd_MF, temp, Gd_fixed_to_bulk 
-5.938768655000000064e-09 1.470298028960275892e-03 1.334106261000113964e+09 4.762083219670552175e-02 4.762083219670552175e-02 0.000000000000000000e+00
-5.860657532000000157e-09 -1.676228118959664781e-02 -2.817334392341105938e+09 2.011291251097597488e-01 0.000000000000000000e+00 2.011291251097597488e-01
-5.782546410000000399e-09 -2.167552598633072514e-05 9.169507940752168894e+08 4.909568738936428284e-02 4.909568738936428284e-02 0.000000000000000000e+00
-5.626324446999999798e-09 -6.867119597320248689e-04 9.292867333700549603e+08 4.975618192751391639e-02 4.975618192751391639e-02 0.000000000000000000e+00
-5.548213325000000040e-09 -1.832104108701924916e-02 -2.817334410375252724e+09 2.011291251097597488e-01 0.000000000000000000e+00 2.011291251097597488e-01
-5.470102203000000282e-09 -9.821855655577826829e-04 9.348498373536677361e+08 5.005404337550593830e-02 5.005404337550593830e-02 0.000000000000000000e+00
-5.313880239000000358e-09 -1.116843764214001502e-03 9.372469334201653004e+08 5.018238945641428222e-02 5.018238945641428222e-02 0.000000000000000000e+00
-5.235769117000000600e-09 -1.863561337705579510e-02 -2.817334410375252724e+09 2.011291251097597488e-01 0.000000000000000000e+00 2.011291251097597488e-01
-5.157657995000000842e-09 -1.181198341148958098e-03 9.382939609425842762e+08 5.023844959308009644e-02 5.023844959308009644e-02 0.000000000000000000e+00
-5.001436032000000241e-09 -1.214807690389570639e-03 9.387490887532420158e+08 5.026281823856183079e-02 5.026281823856183079e-02 0.000000000000000000e+00
-4.923324910000000483e-09 -1.871140008110624281e-02 -2.817334410375252724e+09 2.011291251097597488e-01 0.000000000000000000e+00 2.011291251097597488e-01
-4.845213788000000725e-09 -1.234807823074315610e-03 9.389419248224065304e+08 5.027314335851304494e-02 5.027314335851304494e-02 0.000000000000000000e+00
-4.688991823999999974e-09 -1.248421011276165107e-03 9.390116099988059998e+08 5.027687446316016218e-02 5.027687446316016218e-02 0.000000000000000000e+00
-4.610880702000000216e-09 -1.873992638065776276e-02 -2.817334410375252724e+09 2.011291251097597488e-01 0.000000000000000000e+00 2.011291251097597488e-01
-4.532769580000000458e-09 -1.258247101290657166e-03 9.391046993264353275e+08 5.028185846176643631e-02 5.028185846176643631e-02 0.000000000000000000e+00
-4.376547616999999857e-09 -1.267768875654369173e-03 9.390954750180472136e+08 5.028136456780864932e-02 5.028136456780864932e-02 0.000000000000000000e+00
-4.298436495000000099e-09 -1.875879856100604037e-02 -2.817334392341105938e+09 2.011291251097597488e-01 0.000000000000000000e+00 2.011291251097597488e-01
-4.220325372000000192e-09 -1.276643373797757986e-03 9.390737618728415966e+08 5.028020220875931839e-02 5.028020220875931839e-02 0.000000000000000000e+00
-4.064103408999999590e-09 -1.284061770846548671e-03 9.391204135899298191e+08 5.028269983328723797e-02 5.028269983328723797e-02 0.000000000000000000e+00
-3.985992286999999832e-09 -1.877450939210938488e-02 -2.817334410375252724e+09 2.011291251097597488e-01 0.000000000000000000e+00 2.011291251097597488e-01
-3.907881165000000074e-09 -1.291772364623423744e-03 9.390762539737499952e+08 5.028033542240036013e-02 5.028033542240036013e-02 0.000000000000000000e+00
-3.751659201999999473e-09 -1.298122370321027827e-03 9.391022896608406305e+08 5.028172964373709558e-02 5.028172964373709558e-02 0.000000000000000000e+00
-3.673548078999999979e-09 -1.878769559413209778e-02 -2.817334392341105938e+09 2.011291251097597488e-01 0.000000000000000000e+00 2.011291251097597488e-01
-3.595436956999999808e-09 -1.304083945288139149e-03 9.391208415139033794e+08 5.028272273471439541e-02 5.028272273471439541e-02 0.000000000000000000e+00
-3.439214994000000447e-09 -1.310347187655573056e-03 9.391452086567126513e+08 5.028402740859475029e-02 5.028402740859475029e-02 0.000000000000000000e+00
-3.361103872000000275e-09 -1.880067394001874378e-02 -2.817334410375230312e+09 2.011291251097597488e-01 0.000000000000000000e+00 2.011291251097597488e-01
-3.282992749999999690e-09 -1.317816043632887534e-03 9.390963848948626518e+08 5.028141328096862039e-02 5.028141328096862039e-02 0.000000000000000000e+00
-3.126770786999999916e-09 -1.324656452366398040e-03 9.391318801484465599e+08 5.028331401476688473e-02 5.028331401476688473e-02 0.000000000000000000e+00
-3.048659664000000009e-09 -1.881502128066840640e-02 -2.817334392341098785e+09 2.011291251097597488e-01 0.000000000000000000e+00 2.011291251097597488e-01
-2.970548541999999837e-09 -1.332201236305084963e-03 9.390845251945810318e+08 5.028077833659944790e-02 5.028077833659944790e-02 0.000000000000000000e+00
-2.814326579000000063e-09 -1.338704033735334210e-03 9.391135117574861050e+08 5.028233036918638987e-02 5.028233036918638987e-02 0.000000000000000000e+00
-2.736215457000000305e-09 -1.882859453274722192e-02 -2.817334410375245094e+09 2.011291251097597488e-01 0.000000000000000000e+00 2.011291251097597488e-01
-2.658104335000000133e-09 -1.345300383010397715e-03 9.390478570635045767e+08 5.027881527189423383e-02 5.027881527189423383e-02 0.000000000000000000e+00
-2.501882371000000210e-09 -1.349594967400823478e-03 9.390342526892725229e+08 5.027808678780376628e-02 5.027808678780376628e-02 0.000000000000000000e+00
-2.423771249000000039e-09 -1.883693960409563162e-02 -2.817334410375245094e+09 2.011291251097597488e-01 0.000000000000000000e+00 2.011291251097597488e-01
-2.345660127000000280e-09 -1.351099592041726328e-03 9.388704190180314779e+08 5.026931438198221219e-02 5.026931438198221219e-02 0.000000000000000000e+00
-2.189438164000000093e-09 -1.343569702957173127e-03 9.385324292646076679e+08 5.025121743234170490e-02 5.025121743234170490e-02 0.000000000000000000e+00
-2.111327041999999921e-09 -1.881537589517236209e-02 -2.817334410375245094e+09 2.011291251097597488e-01 0.000000000000000000e+00 2.011291251097597488e-01
-2.033215920000000163e-09 -1.313997438638703609e-03 9.376735489272449017e+08 5.020523112081640149e-02 5.020523112081640149e-02 0.000000000000000000e+00
-1.876993956000000240e-09 -1.229608221499925479e-03 9.357610597597471476e+08 5.010283229314645842e-02 5.010283229314645842e-02 0.000000000000000000e+00
-1.798882834000000275e-09 -1.861046915092218201e-02 -2.817334410375245094e+09 2.011291251097597488e-01 0.000000000000000000e+00 2.011291251097597488e-01
-1.720771712000000310e-09 -1.018145431595703651e-03 9.316085716790745258e+08 4.988049904221231873e-02 4.988049904221231873e-02 0.000000000000000000e+00
-1.564549749000000122e-09 -5.240456872751732970e-04 9.218162794410837889e+08 4.935619800189899875e-02 4.935619800189899875e-02 0.000000000000000000e+00
-1.486438627000000158e-09 -1.743953277716189798e-02 -2.817334392341098785e+09 2.011291251097597488e-01 0.000000000000000000e+00 2.011291251097597488e-01
-1.408327504000000043e-09 6.181650128796880401e-04 9.019850463749641180e+08 4.829438695880906157e-02 4.829438695880906157e-02 0.000000000000000000e+00
-1.252105545000000039e-09 3.149461768247820061e-03 8.638544178358581066e+08 4.625278069287666605e-02 4.625278069287666605e-02 0.000000000000000000e+00
-1.173994424000000017e-09 -1.166084304303680909e-02 -2.817335366185191154e+09 2.011291251097597488e-01 0.000000000000000000e+00 2.011291251097597488e-01
-1.095883354000000159e-09 8.502023182024604636e-03 7.873231128154895306e+08 4.215511991009156939e-02 4.215511991009156939e-02 0.000000000000000000e+00
-9.396612898000001330e-10 1.956546693327555764e-02 6.671408854073218107e+08 3.572025867227994478e-02 3.572025867227994478e-02 0.000000000000000000e+00
-8.615503564999999313e-10 1.274274264689572063e-02 -2.817291246313418865e+09 2.011291251097597488e-01 0.000000000000000000e+00 2.011291251097597488e-01
-7.834366522999999944e-10 4.089411712524679970e-02 4.657749420630742311e+08 2.493807512339347998e-02 2.493807512339347998e-02 0.000000000000000000e+00
-6.272229613999999647e-10 8.005371931832488963e-02 2.781272323892813325e+08 1.489155019971253810e-02 1.489155019971253810e-02 0.000000000000000000e+00
-5.491042745999999756e-10 9.455154345771570046e-02 -2.819967229490772724e+09 2.011291251097597488e-01 0.000000000000000000e+00 2.011291251097597488e-01
-4.711465719000000498e-10 1.439239842766449617e-01 1.531243551635223925e+08 8.209041249273393848e-03 8.209041249273393848e-03 0.000000000000000000e+00
-3.144740822999999695e-10 2.375232883575380260e-01 1.360207261234035969e+09 7.271595131230844389e-02 7.271595131230844389e-02 0.000000000000000000e+00
-2.371761488999999857e-10 2.586767386602496499e-01 -2.859229077192255020e+09 2.011291251097597488e-01 0.000000000000000000e+00 2.011291251097597488e-01
-1.605408745000000191e-10 3.139612389691209260e-01 5.024762037602025032e+09 2.703099551173996362e-01 2.703099551173996362e-01 0.000000000000000000e+00
-1.734735800000000138e-12 2.361238039134057609e-01 8.540628030703823315e+05 4.634995299931887015e-05 4.634995299931887015e-05 0.000000000000000000e+00
7.697628420000000893e-11 1.975281424095394756e-01 -2.773738736748350620e+09 2.011291251097597488e-01 0.000000000000000000e+00 2.011291251097597488e-01
1.569428994999999998e-10 1.941207606820592735e-01 1.137228901875250816e+09 6.107630983261212038e-02 6.107630983261212038e-02 0.000000000000000000e+00
3.120267657000000109e-10 1.453878007382347903e-01 1.273652658933128834e+09 6.798009959640777256e-02 6.798009959640777256e-02 0.000000000000000000e+00
3.905398624000000009e-10 9.695414758515490117e-02 -2.810357676229542732e+09 2.011291251097597488e-01 0.000000000000000000e+00 2.011291251097597488e-01
4.686368326000000876e-10 8.374404554015862923e-02 2.869365224737128615e+08 1.536345046716633932e-02 1.536345046716633932e-02 0.000000000000000000e+00
6.248758373000000671e-10 4.673448967774546797e-02 5.364410895713391900e+08 2.872371726565529221e-02 2.872371726565529221e-02 0.000000000000000000e+00
7.029813659000000795e-10 1.832308616360880243e-02 -2.817428952136229515e+09 2.011291251097597488e-01 0.000000000000000000e+00 2.011291251097597488e-01
7.810928391000000662e-10 2.488286215557330289e-02 6.599101699491428137e+08 3.533314636075655241e-02 3.533314636075655241e-02 0.000000000000000000e+00
9.373145606999999271e-10 1.354125562390881034e-02 8.050572285440781116e+08 4.310461343270868828e-02 4.310461343270868828e-02 0.000000000000000000e+00
1.015425781000000042e-09 -7.091093114973528663e-03 -2.817332799927121162e+09 2.011291251097597488e-01 0.000000000000000000e+00 2.011291251097597488e-01
1.093536894000000112e-09 7.249767107558396928e-03 8.562193816391880512e+08 4.584398007143150600e-02 4.584398007143150600e-02 0.000000000000000000e+00
1.249758847000000048e-09 4.070984971655828427e-03 8.998002817152203321e+08 4.817740600352009989e-02 4.817740600352009989e-02 0.000000000000000000e+00
1.327869965999999979e-09 -1.426754400760669311e-02 -2.817334464477674961e+09 2.011291251097597488e-01 0.000000000000000000e+00 2.011291251097597488e-01
1.405981088000000151e-09 2.367110957554944585e-03 9.133033965603336096e+08 4.890039743690247770e-02 4.890039743690247770e-02 0.000000000000000000e+00
1.562203051000000132e-09 1.631395514200010156e-03 9.276055207421718836e+08 4.966616605325451655e-02 4.966616605325451655e-02 0.000000000000000000e+00
1.640314173000000303e-09 -1.600673737941980465e-02 -2.817334392341102600e+09 2.011291251097597488e-01 0.000000000000000000e+00 2.011291251097597488e-01
1.718425296000000004e-09 1.328314597637355763e-03 9.343602009131940603e+08 5.002782715483751474e-02 5.002782715483751474e-02 0.000000000000000000e+00
1.874647258999999985e-09 1.204409583145539054e-03 9.370303056726750135e+08 5.017079040271604784e-02 5.017079040271604784e-02 0.000000000000000000e+00
1.952758381000000156e-09 -1.630481852653185848e-02 -2.817334410375245094e+09 2.011291251097597488e-01 0.000000000000000000e+00 2.011291251097597488e-01
2.030869502999999914e-09 1.159138012539685965e-03 9.382874768238755465e+08 5.023810250283330253e-02 5.023810250283330253e-02 0.000000000000000000e+00
2.187091467000000251e-09 1.145025424512596118e-03 9.387523042479110956e+08 5.026299053066143885e-02 5.026299053066143885e-02 0.000000000000000000e+00
2.265202589000000009e-09 -1.634185911227200791e-02 -2.817334410375245094e+09 2.011291251097597488e-01 0.000000000000000000e+00 2.011291251097597488e-01
2.343313711000000181e-09 1.144440999692016058e-03 9.389564163341885805e+08 5.027391902883333180e-02 5.027391902883333180e-02 0.000000000000000000e+00
2.499535673999999955e-09 1.149657698569557995e-03 9.390486703115351200e+08 5.027885856144390098e-02 5.027885856144390098e-02 0.000000000000000000e+00
2.577646796000000127e-09 -1.633315633208157550e-02 -2.817334410375237465e+09 2.011291251097597488e-01 0.000000000000000000e+00 2.011291251097597488e-01
2.655757918000000298e-09 1.157214286016044775e-03 9.390957951701191664e+08 5.028138195774195518e-02 5.028138195774195518e-02 0.000000000000000000e+00
2.811979882000000222e-09 1.165367810048456533e-03 9.391314120309674740e+08 5.028328895663403825e-02 5.028328895663403825e-02 0.000000000000000000e+00
2.890091003999999980e-09 -1.631750352902299958e-02 -2.817334410375245094e+09 2.011291251097597488e-01 0.000000000000000000e+00 2.011291251097597488e-01
2.968202126000000151e-09 1.172809780654402801e-03 9.390843134125714302e+08 5.028076695886613684e-02 5.028076695886613684e-02 0.000000000000000000e+00
3.124424089000000339e-09 1.181318618691254907e-03 9.391130761965376139e+08 5.028230697427656798e-02 5.028230697427656798e-02 0.000000000000000000e+00
3.202535211000000097e-09 -1.630102269648900717e-02 -2.817334410375245094e+09 2.011291251097597488e-01 0.000000000000000000e+00 2.011291251097597488e-01
3.280646333000000269e-09 1.189820637079651473e-03 9.391419672468609810e+08 5.028385407773840882e-02 5.028385407773840882e-02 0.000000000000000000e+00
3.436868297000000192e-09 1.197230062128313210e-03 9.390954916226016283e+08 5.028136566482277470e-02 5.028136566482277470e-02 0.000000000000000000e+00
3.514979419000000364e-09 -1.628533666489473744e-02 -2.817334410375245094e+09 2.011291251097597488e-01 0.000000000000000000e+00 2.011291251097597488e-01
3.593090541000000122e-09 1.205281256831132203e-03 9.391330861402367353e+08 5.028337834853279648e-02 5.028337834853279648e-02 0.000000000000000000e+00
3.749312504000000309e-09 1.212564175101069671e-03 9.390890510481462479e+08 5.028102060787562055e-02 5.028102060787562055e-02 0.000000000000000000e+00
3.827423626000000067e-09 -1.626994747173086606e-02 -2.817334410375237465e+09 2.011291251097597488e-01 0.000000000000000000e+00 2.011291251097597488e-01
3.905534748000000653e-09 1.220725530186043050e-03 9.391245124433642626e+08 5.028291950596382870e-02 5.028291950596382870e-02 0.000000000000000000e+00
4.061756711999999749e-09 1.228442784126601919e-03 9.390721001763736010e+08 5.028011323044064701e-02 5.028011323044064701e-02 0.000000000000000000e+00
4.139867833999999507e-09 -1.625352739869289839e-02 -2.817334410375237465e+09 2.011291251097597488e-01 0.000000000000000000e+00 2.011291251097597488e-01
4.217978956000000092e-09 1.237687067236575367e-03 9.390866806537184715e+08 5.028089369093410865e-02 5.028089369093410865e-02 0.000000000000000000e+00
4.374200918999999866e-09 1.247924529327041916e-03 9.390821001583660841e+08 5.028064845264855476e-02 5.028064845264855476e-02 0.000000000000000000e+00
4.452312040999999624e-09 -1.623296284485762492e-02 -2.817334410375237465e+09 2.011291251097597488e-01 0.000000000000000000e+00 2.011291251097597488e-01
4.530423163000000209e-09 1.259334429706602957e-03 9.389584668083324432e+08 5.027402907458638354e-02 5.027402907458638354e-02 0.000000000000000000e+00
4.686645127000000133e-09 1.276533101818058159e-03 9.388196427054955959e+08 5.026659613135918414e-02 5.026659613135918414e-02 0.000000000000000000e+00
4.764756248999999891e-09 -1.619599139477062577e-02 -2.817334410375252724e+09 2.011291251097597488e-01 0.000000000000000000e+00 2.011291251097597488e-01
4.842867370999999649e-09 1.304668757389246302e-03 9.384699939069939852e+08 5.024787488889310982e-02 5.024787488889310982e-02 0.000000000000000000e+00
4.999089334000000250e-09 1.356768565575491555e-03 9.376587925891647339e+08 5.020444116374503385e-02 5.020444116374503385e-02 0.000000000000000000e+00
5.077200456000000008e-09 -1.607656209349729234e-02 -2.817334410375252724e+09 2.011291251097597488e-01 0.000000000000000000e+00 2.011291251097597488e-01
5.155311577999999766e-09 1.463291896178526164e-03 9.358014317353379726e+08 5.010499371493336990e-02 5.010499371493336990e-02 0.000000000000000000e+00
5.311533542000000517e-09 1.694456362936044283e-03 9.315587851532968283e+08 4.987783238100631372e-02 4.987783238100631372e-02 0.000000000000000000e+00
5.389644664000000275e-09 -1.553383841075206030e-02 -2.817334410375252724e+09 2.011291251097597488e-01 0.000000000000000000e+00 2.011291251097597488e-01
5.467755786000000033e-09 2.211051464308580201e-03 9.218144699181437492e+08 4.935609941803945772e-02 4.935609941803945772e-02 0.000000000000000000e+00
5.623977749000000634e-09 3.380828329376346728e-03 9.001736223825606108e+08 4.819740001680360847e-02 4.819740001680360847e-02 0.000000000000000000e+00
5.702088871000000392e-09 -1.279041817348740631e-02 -2.817334392341105938e+09 2.011291251097597488e-01 0.000000000000000000e+00 2.011291251097597488e-01
5.780199994000000299e-09 6.011520213105124057e-03 8.528376099614157677e+08 4.566291981343387207e-02 4.566291981343387207e-02 0.000000000000000000e+00
5.936421955000000602e-09 1.183965354457991795e-02 5.670643377651453018e+08 4.048255780512270002e-02 4.048255780512270002e-02 0.000000000000000000e+00
